1 2
2 3
3 4
4 5
5 6
6 7
7 8
8 9
9 10
10 11
11 12
12 13
13 14
14 15
15 16
16 17
17 18
18 19
19 20
20 21
21 22
22 23
23 24
24 25
25 26
26 27
27 28
28 29
29 30
30 31
31 32
32 33
33 34
34 35
35 36
36 37
37 38
38 39
39 40
40 41
41 42
42 43
43 44
44 45
45 46
46 47
47 48
48 49
49 50
50 51
51 52
52 53
53 54
54 55
55 56
56 57
57 58
58 59
59 60
60 61
61 62
62 63
63 64
64 65
65 66
66 67
67 68
68 69
69 70
70 71
984.6599900451793
985.4215420337434
985.5730185547054
985.640419543844
985.6786905438455
985.7033887130351
985.7206548538941
985.7334076524384
985.7432133835329
985.7509883429325
985.7573044717561
985.7625372901379
985.7669435778877
985.7707048816341
985.7739531939344
985.7767867843197
985.7792803246352
985.781491572274
985.7834659034758
985.785239462624
985.7868413966858
985.788295470568
985.7896212546893
985.7908350113634
985.7919503655029
985.7929788184922
985.7939301464081
985.7948127118624
985.7956337105613
985.7963993679925
985.7971150976234
985.7977856291213
985.7984151130219
985.7990072067403
985.7995651456965
985.8000918024737
985.8005897362964
985.8010612346258
985.8015083483021
985.8019329213697
985.8023366165021
985.8027209367664
985.8030872443259
985.8034367765744
985.8037706601013
985.8040899228242
985.8043955045596
985.8046882662636
985.8049689981347
985.8052384267353
985.8054972212727
985.805745999148
985.805985330875
985.8062157444479
985.80643772923
985.8066517394238
985.806858197173
985.8070574953417
985.80725000001
985.8074360527182
985.8076159724895
985.807790057655
985.807958587505
985.8081218237843
985.8082800120482
985.8084333828957
985.8085821530912
985.8087265265859
985.8088666954517
985.809002840733
985.8091351332274
985.8092637342003
985.8093887960406
985.8095104628637
985.8096288710647
985.8097441498292
985.809856421603
985.8099658025261
985.8100724028341
985.8101763272273
985.8102776752153
985.8103765414337
985.8104730159395
985.8105671844845
985.8106591287694
985.8107489266806
985.8108366525097
985.8109223771588
985.811006168332
985.8110880907132
985.8111682061324
985.8112465737222
985.8113232500629
985.8113982893184
985.8114717433645
985.8115436619078
985.8116140925983
985.8116830811349
985.8117506713636
